0.0000000e+00  6.999999e-01 
  1.0000000e-03  6.999999e-01 
  2.0000000e-03  6.999999e-01 
  3.0000000e-03  6.999999e-01 
  4.0000000e-03  6.999999e-01 
  5.0000000e-03  6.999999e-01 
  6.0000000e-03  6.999999e-01 
  7.0000000e-03  6.999999e-01 
  8.0000000e-03  6.999999e-01 
  9.0000000e-03  6.999999e-01 
  1.0000000e-02  6.999999e-01 
  1.1000000e-02  6.999999e-01 
  1.2000000e-02  6.999999e-01 
  1.3000000e-02  6.999999e-01 
  1.4000000e-02  6.999999e-01 
  1.5000000e-02  6.999999e-01 
  1.6000000e-02  6.999999e-01 
  1.7000000e-02  6.999999e-01 
  1.8000000e-02  6.999999e-01 
  1.9000000e-02  6.999999e-01 
  2.0000000e-02  6.999998e-01 
  2.1000000e-02  6.999998e-01 
  2.2000000e-02  6.999998e-01 
  2.3000000e-02  6.999998e-01 
  2.4000000e-02  6.999998e-01 
  2.5000000e-02  6.999998e-01 
  2.6000000e-02  6.999998e-01 
  2.7000000e-02  6.999998e-01 
  2.8000000e-02  6.999998e-01 
  2.9000000e-02  6.999998e-01 
  3.0000000e-02  6.999998e-01 
  3.1000000e-02  6.999998e-01 
  3.2000000e-02  6.999998e-01 
  3.3000000e-02  6.999998e-01 
  3.4000000e-02  6.999997e-01 
  3.5000000e-02  6.999997e-01 
  3.6000000e-02  6.999997e-01 
  3.7000000e-02  6.999997e-01 
  3.8000000e-02  6.999997e-01 
  3.9000000e-02  6.999997e-01 
  4.0000000e-02  6.999997e-01 
  4.1000000e-02  6.999997e-01 
  4.2000000e-02  6.999997e-01 
  4.3000000e-02  6.999997e-01 
  4.4000000e-02  6.999996e-01 
  4.5000000e-02  6.999996e-01 
  4.6000000e-02  6.999996e-01 
  4.7000000e-02  6.999996e-01 
  4.8000000e-02  6.999996e-01 
  4.9000000e-02  6.999996e-01 
  5.0000000e-02  6.999996e-01 
  5.1000000e-02  6.999995e-01 
  5.2000000e-02  6.999995e-01 
  5.3000000e-02  6.999995e-01 
  5.4000000e-02  6.999995e-01 
  5.5000000e-02  6.999995e-01 
  5.6000000e-02  6.999994e-01 
  5.7000000e-02  6.999994e-01 
  5.8000000e-02  6.999994e-01 
  5.9000000e-02  6.999994e-01 
  6.0000000e-02  6.999994e-01 
  6.1000000e-02  6.999993e-01 
  6.2000000e-02  6.999993e-01 
  6.3000000e-02  6.999993e-01 
  6.4000000e-02  6.999993e-01 
  6.5000000e-02  6.999992e-01 
  6.6000000e-02  6.999992e-01 
  6.7000000e-02  6.999992e-01 
  6.8000000e-02  6.999991e-01 
  6.9000000e-02  6.999991e-01 
  7.0000000e-02  6.999991e-01 
  7.1000000e-02  6.999990e-01 
  7.2000000e-02  6.999990e-01 
  7.3000000e-02  6.999990e-01 
  7.4000000e-02  6.999989e-01 
  7.5000000e-02  6.999989e-01 
  7.6000000e-02  6.999988e-01 
  7.7000000e-02  6.999988e-01 
  7.8000000e-02  6.999988e-01 
  7.9000000e-02  6.999987e-01 
  8.0000000e-02  6.999987e-01 
  8.1000000e-02  6.999986e-01 
  8.2000000e-02  6.999986e-01 
  8.3000000e-02  6.999985e-01 
  8.4000000e-02  6.999985e-01 
  8.5000000e-02  6.999984e-01 
  8.6000000e-02  6.999983e-01 
  8.7000000e-02  6.999983e-01 
  8.8000000e-02  6.999982e-01 
  8.9000000e-02  6.999981e-01 
  9.0000000e-02  6.999981e-01 
  9.1000000e-02  6.999980e-01 
  9.2000000e-02  6.999979e-01 
  9.3000000e-02  6.999978e-01 
  9.4000000e-02  6.999978e-01 
  9.5000000e-02  6.999977e-01 
  9.6000000e-02  6.999976e-01 
  9.7000000e-02  6.999975e-01 
  9.8000000e-02  6.999974e-01 
  9.9000000e-02  6.999973e-01 
  1.0000000e-01  6.999972e-01 
  1.0100000e-01  6.999971e-01 
  1.0200000e-01  6.999970e-01 
  1.0300000e-01  6.999969e-01 
  1.0400000e-01  6.999968e-01 
  1.0500000e-01  6.999966e-01 
  1.0600000e-01  6.999965e-01 
  1.0700000e-01  6.999964e-01 
  1.0800000e-01  6.999962e-01 
  1.0900000e-01  6.999961e-01 
  1.1000000e-01  6.999959e-01 
  1.1100000e-01  6.999958e-01 
  1.1200000e-01  6.999956e-01 
  1.1300000e-01  6.999955e-01 
  1.1400000e-01  6.999953e-01 
  1.1500000e-01  6.999951e-01 
  1.1600000e-01  6.999949e-01 
  1.1700000e-01  6.999947e-01 
  1.1800000e-01  6.999945e-01 
  1.1900000e-01  6.999943e-01 
  1.2000000e-01  6.999941e-01 
  1.2100000e-01  6.999939e-01 
  1.2200000e-01  6.999936e-01 
  1.2300000e-01  6.999934e-01 
  1.2400000e-01  6.999931e-01 
  1.2500000e-01  6.999928e-01 
  1.2600000e-01  6.999926e-01 
  1.2700000e-01  6.999923e-01 
  1.2800000e-01  6.999920e-01 
  1.2900000e-01  6.999917e-01 
  1.3000000e-01  6.999913e-01 
  1.3100000e-01  6.999910e-01 
  1.3200000e-01  6.999907e-01 
  1.3300000e-01  6.999903e-01 
  1.3400000e-01  6.999899e-01 
  1.3500000e-01  6.999895e-01 
  1.3600000e-01  6.999891e-01 
  1.3700000e-01  6.999887e-01 
  1.3800000e-01  6.999883e-01 
  1.3900000e-01  6.999878e-01 
  1.4000000e-01  6.999873e-01 
  1.4100000e-01  6.999868e-01 
  1.4200000e-01  6.999863e-01 
  1.4300000e-01  6.999858e-01 
  1.4400000e-01  6.999852e-01 
  1.4500000e-01  6.999846e-01 
  1.4600000e-01  6.999840e-01 
  1.4700000e-01  6.999834e-01 
  1.4800000e-01  6.999827e-01 
  1.4900000e-01  6.999820e-01 
  1.5000000e-01  6.999813e-01 
  1.5100000e-01  6.999806e-01 
  1.5200000e-01  6.999798e-01 
  1.5300000e-01  6.999790e-01 
  1.5400000e-01  6.999782e-01 
  1.5500000e-01  6.999773e-01 
  1.5600000e-01  6.999764e-01 
  1.5700000e-01  6.999755e-01 
  1.5800000e-01  6.999745e-01 
  1.5900000e-01  6.999735e-01 
  1.6000000e-01  6.999724e-01 
  1.6100000e-01  6.999713e-01 
  1.6200000e-01  6.999701e-01 
  1.6300000e-01  6.999689e-01 
  1.6400000e-01  6.999677e-01 
  1.6500000e-01  6.999664e-01 
  1.6600000e-01  6.999650e-01 
  1.6700000e-01  6.999636e-01 
  1.6800000e-01  6.999621e-01 
  1.6900000e-01  6.999606e-01 
  1.7000000e-01  6.999590e-01 
  1.7100000e-01  6.999574e-01 
  1.7200000e-01  6.999556e-01 
  1.7300000e-01  6.999538e-01 
  1.7400000e-01  6.999519e-01 
  1.7500000e-01  6.999500e-01 
  1.7600000e-01  6.999479e-01 
  1.7700000e-01  6.999458e-01 
  1.7800000e-01  6.999436e-01 
  1.7900000e-01  6.999413e-01 
  1.8000000e-01  6.999389e-01 
  1.8100000e-01  6.999364e-01 
  1.8200000e-01  6.999338e-01 
  1.8300000e-01  6.999310e-01 
  1.8400000e-01  6.999282e-01 
  1.8500000e-01  6.999252e-01 
  1.8600000e-01  6.999221e-01 
  1.8700000e-01  6.999189e-01 
  1.8800000e-01  6.999155e-01 
  1.8900000e-01  6.999120e-01 
  1.9000000e-01  6.999084e-01 
  1.9100000e-01  6.999046e-01 
  1.9200000e-01  6.999006e-01 
  1.9300000e-01  6.998964e-01 
  1.9400000e-01  6.998921e-01 
  1.9500000e-01  6.998876e-01 
  1.9600000e-01  6.998829e-01 
  1.9700000e-01  6.998780e-01 
  1.9800000e-01  6.998729e-01 
  1.9900000e-01  6.998675e-01 
  2.0000000e-01  6.998619e-01 
  2.0100000e-01  6.998561e-01 
  2.0200000e-01  6.998500e-01 
  2.0300000e-01  6.998437e-01 
  2.0400000e-01  6.998370e-01 
  2.0500000e-01  6.998301e-01 
  2.0600000e-01  6.998229e-01 
  2.0700000e-01  6.998154e-01 
  2.0800000e-01  6.998075e-01 
  2.0900000e-01  6.997993e-01 
  2.1000000e-01  6.997907e-01 
  2.1100000e-01  6.997817e-01 
  2.1200000e-01  6.997724e-01 
  2.1300000e-01  6.997626e-01 
  2.1400000e-01  6.997524e-01 
  2.1500000e-01  6.997417e-01 
  2.1600000e-01  6.997306e-01 
  2.1700000e-01  6.997189e-01 
  2.1800000e-01  6.997068e-01 
  2.1900000e-01  6.996941e-01 
  2.2000000e-01  6.996808e-01 
  2.2100000e-01  6.996669e-01 
  2.2200000e-01  6.996524e-01 
  2.2300000e-01  6.996372e-01 
  2.2400000e-01  6.996214e-01 
  2.2500000e-01  6.996048e-01 
  2.2600000e-01  6.995875e-01 
  2.2700000e-01  6.995694e-01 
  2.2800000e-01  6.995505e-01 
  2.2900000e-01  6.995307e-01 
  2.3000000e-01  6.995100e-01 
  2.3100000e-01  6.994883e-01 
  2.3200000e-01  6.994657e-01 
  2.3300000e-01  6.994420e-01 
  2.3400000e-01  6.994172e-01 
  2.3500000e-01  6.993913e-01 
  2.3600000e-01  6.993642e-01 
  2.3700000e-01  6.993358e-01 
  2.3800000e-01  6.993061e-01 
  2.3900000e-01  6.992751e-01 
  2.4000000e-01  6.992426e-01 
  2.4100000e-01  6.992085e-01 
  2.4200000e-01  6.991729e-01 
  2.4300000e-01  6.991357e-01 
  2.4400000e-01  6.990966e-01 
  2.4500000e-01  6.990558e-01 
  2.4600000e-01  6.990130e-01 
  2.4700000e-01  6.989682e-01 
  2.4800000e-01  6.989213e-01 
  2.4900000e-01  6.988722e-01 
  2.5000000e-01  6.988207e-01 
  2.5100000e-01  6.987668e-01 
  2.5200000e-01  6.987104e-01 
  2.5300000e-01  6.986512e-01 
  2.5400000e-01  6.985893e-01 
  2.5500000e-01  6.985243e-01 
  2.5600000e-01  6.984562e-01 
  2.5700000e-01  6.983849e-01 
  2.5800000e-01  6.983101e-01 
  2.5900000e-01  6.982318e-01 
  2.6000000e-01  6.981496e-01 
  2.6100000e-01  6.980634e-01 
  2.6200000e-01  6.979731e-01 
  2.6300000e-01  6.978783e-01 
  2.6400000e-01  6.977789e-01 
  2.6500000e-01  6.976746e-01 
  2.6600000e-01  6.975653e-01 
  2.6700000e-01  6.974505e-01 
  2.6800000e-01  6.973300e-01 
  2.6900000e-01  6.972036e-01 
  2.7000000e-01  6.970709e-01 
  2.7100000e-01  6.969316e-01 
  2.7200000e-01  6.967853e-01 
  2.7300000e-01  6.966317e-01 
  2.7400000e-01  6.964703e-01 
  2.7500000e-01  6.963008e-01 
  2.7600000e-01  6.961227e-01 
  2.7700000e-01  6.959355e-01 
  2.7800000e-01  6.957387e-01 
  2.7900000e-01  6.955319e-01 
  2.8000000e-01  6.953143e-01 
  2.8100000e-01  6.950855e-01 
  2.8200000e-01  6.948448e-01 
  2.8300000e-01  6.945915e-01 
  2.8400000e-01  6.943248e-01 
  2.8500000e-01  6.940440e-01 
  2.8600000e-01  6.937483e-01 
  2.8700000e-01  6.934367e-01 
  2.8800000e-01  6.931083e-01 
  2.8900000e-01  6.927620e-01 
  2.9000000e-01  6.923968e-01 
  2.9100000e-01  6.920114e-01 
  2.9200000e-01  6.916045e-01 
  2.9300000e-01  6.911747e-01 
  2.9400000e-01  6.907206e-01 
  2.9500000e-01  6.902404e-01 
  2.9600000e-01  6.897323e-01 
  2.9700000e-01  6.891944e-01 
  2.9800000e-01  6.886245e-01 
  2.9900000e-01  6.880202e-01 
  3.0000000e-01  6.873789e-01 
  3.0100000e-01  6.866977e-01 
  3.0200000e-01  6.859733e-01 
  3.0300000e-01  6.852021e-01 
  3.0400000e-01  6.843801e-01 
  3.0500000e-01  6.835027e-01 
  3.0600000e-01  6.825647e-01 
  3.0700000e-01  6.815601e-01 
  3.0800000e-01  6.804821e-01 
  3.0900000e-01  6.793228e-01 
  3.1000000e-01  6.780729e-01 
  3.1100000e-01  6.767215e-01 
  3.1200000e-01  6.752554e-01 
  3.1300000e-01  6.736590e-01 
  3.1400000e-01  6.719129e-01 
  3.1500000e-01  6.699930e-01 
  3.1600000e-01  6.678692e-01 
  3.1700000e-01  6.655020e-01 
  3.1800000e-01  6.628405e-01 
  3.1900000e-01  6.598146e-01 
  3.2000000e-01  6.563273e-01 
  3.2100000e-01  6.522376e-01 
  3.2200000e-01  6.473323e-01 
  3.2300000e-01  6.412710e-01 
  3.2400000e-01  6.334729e-01 
  3.2500000e-01  6.228713e-01 
  3.2600000e-01  6.073649e-01 
  3.2700000e-01  5.828348e-01 
  3.2800000e-01  5.435347e-01 
  3.2900000e-01  4.907496e-01 
  3.3000000e-01  4.445205e-01 
  3.3100000e-01  4.170422e-01 
  3.3200000e-01  4.003239e-01 
  3.3300000e-01  3.887340e-01 
  3.3400000e-01  3.799231e-01 
  3.3500000e-01  3.728116e-01 
  3.3600000e-01  3.668341e-01 
  3.3700000e-01  3.616621e-01 
  3.3800000e-01  3.570900e-01 
  3.3900000e-01  3.529807e-01 
  3.4000000e-01  3.492386e-01 
  3.4100000e-01  3.457947e-01 
  3.4200000e-01  3.425975e-01 
  3.4300000e-01  3.396073e-01 
  3.4400000e-01  3.367933e-01 
  3.4500000e-01  3.341311e-01 
  3.4600000e-01  3.316007e-01 
  3.4700000e-01  3.291857e-01 
  3.4800000e-01  3.268725e-01 
  3.4900000e-01  3.246499e-01 
  3.5000000e-01  3.225081e-01 
  3.5100000e-01  3.204389e-01 
  3.5200000e-01  3.184351e-01 
  3.5300000e-01  3.164907e-01 
  3.5400000e-01  3.146001e-01 
  3.5500000e-01  3.127587e-01 
  3.5600000e-01  3.109622e-01 
  3.5700000e-01  3.092070e-01 
  3.5800000e-01  3.074898e-01 
  3.5900000e-01  3.058075e-01 
  3.6000000e-01  3.041575e-01 
  3.6100000e-01  3.025374e-01 
  3.6200000e-01  3.009450e-01 
  3.6300000e-01  2.993784e-01 
  3.6400000e-01  2.978357e-01 
  3.6500000e-01  2.963153e-01 
  3.6600000e-01  2.948157e-01 
  3.6700000e-01  2.933355e-01 
  3.6800000e-01  2.918734e-01 
  3.6900000e-01  2.904284e-01 
  3.7000000e-01  2.889992e-01 
  3.7100000e-01  2.875849e-01 
  3.7200000e-01  2.861846e-01 
  3.7300000e-01  2.847975e-01 
  3.7400000e-01  2.834226e-01 
  3.7500000e-01  2.820593e-01 
  3.7600000e-01  2.807070e-01 
  3.7700000e-01  2.793648e-01 
  3.7800000e-01  2.780324e-01 
  3.7900000e-01  2.767090e-01 
  3.8000000e-01  2.753942e-01 
  3.8100000e-01  2.740875e-01 
  3.8200000e-01  2.727883e-01 
  3.8300000e-01  2.714964e-01 
  3.8400000e-01  2.702112e-01 
  3.8500000e-01  2.689325e-01 
  3.8600000e-01  2.676598e-01 
  3.8700000e-01  2.663927e-01 
  3.8800000e-01  2.651311e-01 
  3.8900000e-01  2.638746e-01 
  3.9000000e-01  2.626229e-01 
  3.9100000e-01  2.613757e-01 
  3.9200000e-01  2.601328e-01 
  3.9300000e-01  2.588940e-01 
  3.9400000e-01  2.576590e-01 
  3.9500000e-01  2.564277e-01 
  3.9600000e-01  2.551998e-01 
  3.9700000e-01  2.539752e-01 
  3.9800000e-01  2.527537e-01 
  3.9900000e-01  2.515350e-01 
  4.0000000e-01  2.503192e-01 
  4.0100000e-01  2.491060e-01 
  4.0200000e-01  2.478952e-01 
  4.0300000e-01  2.466868e-01 
  4.0400000e-01  2.454807e-01 
  4.0500000e-01  2.442767e-01 
  4.0600000e-01  2.430747e-01 
  4.0700000e-01  2.418746e-01 
  4.0800000e-01  2.406764e-01 
  4.0900000e-01  2.394799e-01 
  4.1000000e-01  2.382851e-01 
  4.1100000e-01  2.370918e-01 
  4.1200000e-01  2.359001e-01 
  4.1300000e-01  2.347098e-01 
  4.1400000e-01  2.335209e-01 
  4.1500000e-01  2.323334e-01 
  4.1600000e-01  2.311471e-01 
  4.1700000e-01  2.299621e-01 
  4.1800000e-01  2.287783e-01 
  4.1900000e-01  2.275956e-01 
  4.2000000e-01  2.264141e-01 
  4.2100000e-01  2.252337e-01 
  4.2200000e-01  2.240543e-01 
  4.2300000e-01  2.228761e-01 
  4.2400000e-01  2.216988e-01 
  4.2500000e-01  2.205226e-01 
  4.2600000e-01  2.193474e-01 
  4.2700000e-01  2.181732e-01 
  4.2800000e-01  2.170000e-01 
  4.2900000e-01  2.158278e-01 
  4.3000000e-01  2.146566e-01 
  4.3100000e-01  2.134864e-01 
  4.3200000e-01  2.123172e-01 
  4.3300000e-01  2.111491e-01 
  4.3400000e-01  2.099820e-01 
  4.3500000e-01  2.088160e-01 
  4.3600000e-01  2.076511e-01 
  4.3700000e-01  2.064873e-01 
  4.3800000e-01  2.053247e-01 
  4.3900000e-01  2.041632e-01 
  4.4000000e-01  2.030029e-01 
  4.4100000e-01  2.018439e-01 
  4.4200000e-01  2.006862e-01 
  4.4300000e-01  1.995298e-01 
  4.4400000e-01  1.983748e-01 
  4.4500000e-01  1.972212e-01 
  4.4600000e-01  1.960692e-01 
  4.4700000e-01  1.949187e-01 
  4.4800000e-01  1.937698e-01 
  4.4900000e-01  1.926225e-01 
  4.5000000e-01  1.914771e-01 
  4.5100000e-01  1.903334e-01 
  4.5200000e-01  1.891916e-01 
  4.5300000e-01  1.880518e-01 
  4.5400000e-01  1.869141e-01 
  4.5500000e-01  1.857785e-01 
  4.5600000e-01  1.846452e-01 
  4.5700000e-01  1.835142e-01 
  4.5800000e-01  1.823856e-01 
  4.5900000e-01  1.812595e-01 
  4.6000000e-01  1.801361e-01 
  4.6100000e-01  1.790154e-01 
  4.6200000e-01  1.778976e-01 
  4.6300000e-01  1.767827e-01 
  4.6400000e-01  1.756710e-01 
  4.6500000e-01  1.745624e-01 
  4.6600000e-01  1.734573e-01 
  4.6700000e-01  1.723556e-01 
  4.6800000e-01  1.712575e-01 
  4.6900000e-01  1.701632e-01 
  4.7000000e-01  1.690728e-01 
  4.7100000e-01  1.679864e-01 
  4.7200000e-01  1.669042e-01 
  4.7300000e-01  1.658264e-01 
  4.7400000e-01  1.647531e-01 
  4.7500000e-01  1.636845e-01 
  4.7600000e-01  1.626207e-01 
  4.7700000e-01  1.615619e-01 
  4.7800000e-01  1.605083e-01 
  4.7900000e-01  1.594599e-01 
  4.8000000e-01  1.584171e-01 
  4.8100000e-01  1.573800e-01 
  4.8200000e-01  1.563487e-01 
  4.8300000e-01  1.553234e-01 
  4.8400000e-01  1.543043e-01 
  4.8500000e-01  1.532915e-01 
  4.8600000e-01  1.522853e-01 
  4.8700000e-01  1.512858e-01 
  4.8800000e-01  1.502931e-01 
  4.8900000e-01  1.493075e-01 
  4.9000000e-01  1.483291e-01 
  4.9100000e-01  1.473580e-01 
  4.9200000e-01  1.463944e-01 
  4.9300000e-01  1.454386e-01 
  4.9400000e-01  1.444905e-01 
  4.9500000e-01  1.435504e-01 
  4.9600000e-01  1.426184e-01 
  4.9700000e-01  1.416946e-01 
  4.9800000e-01  1.407792e-01 
  4.9900000e-01  1.398723e-01 
  5.0000000e-01  1.389740e-01 
  5.0100000e-01  1.380843e-01 
  5.0200000e-01  1.372035e-01 
  5.0300000e-01  1.363315e-01 
  5.0400000e-01  1.354685e-01 
  5.0500000e-01  1.346146e-01 
  5.0600000e-01  1.337697e-01 
  5.0700000e-01  1.329340e-01 
  5.0800000e-01  1.321075e-01 
  5.0900000e-01  1.312902e-01 
  5.1000000e-01  1.304822e-01 
  5.1100000e-01  1.296835e-01 
  5.1200000e-01  1.288941e-01 
  5.1300000e-01  1.281140e-01 
  5.1400000e-01  1.273432e-01 
  5.1500000e-01  1.265817e-01 
  5.1600000e-01  1.258294e-01 
  5.1700000e-01  1.250864e-01 
  5.1800000e-01  1.243526e-01 
  5.1900000e-01  1.236280e-01 
  5.2000000e-01  1.229125e-01 
  5.2100000e-01  1.222060e-01 
  5.2200000e-01  1.215086e-01 
  5.2300000e-01  1.208201e-01 
  5.2400000e-01  1.201404e-01 
  5.2500000e-01  1.194695e-01 
  5.2600000e-01  1.188074e-01 
  5.2700000e-01  1.181538e-01 
  5.2800000e-01  1.175088e-01 
  5.2900000e-01  1.168722e-01 
  5.3000000e-01  1.162440e-01 
  5.3100000e-01  1.156240e-01 
  5.3200000e-01  1.150122e-01 
  5.3300000e-01  1.144084e-01 
  5.3400000e-01  1.138125e-01 
  5.3500000e-01  1.132245e-01 
  5.3600000e-01  1.126442e-01 
  5.3700000e-01  1.120716e-01 
  5.3800000e-01  1.115064e-01 
  5.3900000e-01  1.109487e-01 
  5.4000000e-01  1.103982e-01 
  5.4100000e-01  1.098550e-01 
  5.4200000e-01  1.093188e-01 
  5.4300000e-01  1.087895e-01 
  5.4400000e-01  1.082672e-01 
  5.4500000e-01  1.077515e-01 
  5.4600000e-01  1.072425e-01 
  5.4700000e-01  1.067401e-01 
  5.4800000e-01  1.062440e-01 
  5.4900000e-01  1.057543e-01 
  5.5000000e-01  1.052708e-01 
  5.5100000e-01  1.047934e-01 
  5.5200000e-01  1.043221e-01 
  5.5300000e-01  1.038566e-01 
  5.5400000e-01  1.033970e-01 
  5.5500000e-01  1.029430e-01 
  5.5600000e-01  1.024947e-01 
  5.5700000e-01  1.020519e-01 
  5.5800000e-01  1.016145e-01 
  5.5900000e-01  1.011825e-01 
  5.6000000e-01  1.007557e-01 
  5.6100000e-01  1.003340e-01 
  5.6200000e-01  9.991747e-02 
  5.6300000e-01  9.950588e-02 
  5.6400000e-01  9.909918e-02 
  5.6500000e-01  9.869730e-02 
  5.6600000e-01  9.830014e-02 
  5.6700000e-01  9.790764e-02 
  5.6800000e-01  9.751972e-02 
  5.6900000e-01  9.713629e-02 
  5.7000000e-01  9.675727e-02 
  5.7100000e-01  9.638261e-02 
  5.7200000e-01  9.601222e-02 
  5.7300000e-01  9.564603e-02 
  5.7400000e-01  9.528397e-02 
  5.7500000e-01  9.492598e-02 
  5.7600000e-01  9.457198e-02 
  5.7700000e-01  9.422192e-02 
  5.7800000e-01  9.387572e-02 
  5.7900000e-01  9.353333e-02 
  5.8000000e-01  9.319467e-02 
  5.8100000e-01  9.285970e-02 
  5.8200000e-01  9.252835e-02 
  5.8300000e-01  9.220057e-02 
  5.8400000e-01  9.187629e-02 
  5.8500000e-01  9.155546e-02 
  5.8600000e-01  9.123803e-02 
  5.8700000e-01  9.092394e-02 
  5.8800000e-01  9.061314e-02 
  5.8900000e-01  9.030558e-02 
  5.9000000e-01  9.000121e-02 
  5.9100000e-01  8.969998e-02 
  5.9200000e-01  8.940183e-02 
  5.9300000e-01  8.910674e-02 
  5.9400000e-01  8.881464e-02 
  5.9500000e-01  8.852549e-02 
  5.9600000e-01  8.823925e-02 
  5.9700000e-01  8.795587e-02 
  5.9800000e-01  8.767532e-02 
  5.9900000e-01  8.739754e-02 
  6.0000000e-01  8.712250e-02 
  6.0100000e-01  8.685016e-02 
  6.0200000e-01  8.658048e-02 
  6.0300000e-01  8.631342e-02 
  6.0400000e-01  8.604894e-02 
  6.0500000e-01  8.578700e-02 
  6.0600000e-01  8.552758e-02 
  6.0700000e-01  8.527062e-02 
  6.0800000e-01  8.501611e-02 
  6.0900000e-01  8.476399e-02 
  6.1000000e-01  8.451425e-02 
  6.1100000e-01  8.426684e-02 
  6.1200000e-01  8.402174e-02 
  6.1300000e-01  8.377890e-02 
  6.1400000e-01  8.353831e-02 
  6.1500000e-01  8.329993e-02 
  6.1600000e-01  8.306373e-02 
  6.1700000e-01  8.282968e-02 
  6.1800000e-01  8.259775e-02 
  6.1900000e-01  8.236792e-02 
  6.2000000e-01  8.214015e-02 
  6.2100000e-01  8.191442e-02 
  6.2200000e-01  8.169070e-02 
  6.2300000e-01  8.146896e-02 
  6.2400000e-01  8.124918e-02 
  6.2500000e-01  8.103134e-02 
  6.2600000e-01  8.081540e-02 
  6.2700000e-01  8.060135e-02 
  6.2800000e-01  8.038916e-02 
  6.2900000e-01  8.017880e-02 
  6.3000000e-01  7.997025e-02 
  6.3100000e-01  7.976350e-02 
  6.3200000e-01  7.955851e-02 
  6.3300000e-01  7.935527e-02 
  6.3400000e-01  7.915375e-02 
  6.3500000e-01  7.895393e-02 
  6.3600000e-01  7.875579e-02 
  6.3700000e-01  7.855931e-02 
  6.3800000e-01  7.836448e-02 
  6.3900000e-01  7.817126e-02 
  6.4000000e-01  7.797964e-02 
  6.4100000e-01  7.778960e-02 
  6.4200000e-01  7.760113e-02 
  6.4300000e-01  7.741419e-02 
  6.4400000e-01  7.722879e-02 
  6.4500000e-01  7.704489e-02 
  6.4600000e-01  7.686248e-02 
  6.4700000e-01  7.668154e-02 
  6.4800000e-01  7.650205e-02 
  6.4900000e-01  7.632400e-02 
  6.5000000e-01  7.614737e-02 
  6.5100000e-01  7.597215e-02 
  6.5200000e-01  7.579831e-02 
  6.5300000e-01  7.562585e-02 
  6.5400000e-01  7.545474e-02 
  6.5500000e-01  7.528497e-02 
  6.5600000e-01  7.511653e-02 
  6.5700000e-01  7.494940e-02 
  6.5800000e-01  7.478356e-02 
  6.5900000e-01  7.461901e-02 
  6.6000000e-01  7.445573e-02 
  6.6100000e-01  7.429369e-02 
  6.6200000e-01  7.413290e-02 
  6.6300000e-01  7.397333e-02 
  6.6400000e-01  7.381498e-02 
  6.6500000e-01  7.365782e-02 
  6.6600000e-01  7.350185e-02 
  6.6700000e-01  7.334705e-02 
  6.6800000e-01  7.319341e-02 
  6.6900000e-01  7.304092e-02 
  6.7000000e-01  7.288957e-02 
  6.7100000e-01  7.273934e-02 
  6.7200000e-01  7.259022e-02 
  6.7300000e-01  7.244220e-02 
  6.7400000e-01  7.229527e-02 
  6.7500000e-01  7.214941e-02 
  6.7600000e-01  7.200462e-02 
  6.7700000e-01  7.186088e-02 
  6.7800000e-01  7.171819e-02 
  6.7900000e-01  7.157653e-02 
  6.8000000e-01  7.143589e-02 
  6.8100000e-01  7.129626e-02 
  6.8200000e-01  7.115763e-02 
  6.8300000e-01  7.101999e-02 
  6.8400000e-01  7.088333e-02 
  6.8500000e-01  7.074765e-02 
  6.8600000e-01  7.061292e-02 
  6.8700000e-01  7.047914e-02 
  6.8800000e-01  7.034631e-02 
  6.8900000e-01  7.021440e-02 
  6.9000000e-01  7.008342e-02 
  6.9100000e-01  6.995335e-02 
  6.9200000e-01  6.982418e-02 
  6.9300000e-01  6.969591e-02 
  6.9400000e-01  6.956853e-02 
  6.9500000e-01  6.944202e-02 
  6.9600000e-01  6.931638e-02 
  6.9700000e-01  6.919161e-02 
  6.9800000e-01  6.906768e-02 
  6.9900000e-01  6.894460e-02 
  7.0000000e-01  6.882235e-02
