0.0000000e+00  7.000000e-01 
  1.0000000e-03  7.000000e-01 
  2.0000000e-03  7.000000e-01 
  3.0000000e-03  7.000000e-01 
  4.0000000e-03  7.000000e-01 
  5.0000000e-03  7.000000e-01 
  6.0000000e-03  7.000000e-01 
  7.0000000e-03  7.000000e-01 
  8.0000000e-03  7.000000e-01 
  9.0000000e-03  7.000000e-01 
  1.0000000e-02  7.000000e-01 
  1.1000000e-02  7.000000e-01 
  1.2000000e-02  7.000000e-01 
  1.3000000e-02  7.000000e-01 
  1.4000000e-02  7.000000e-01 
  1.5000000e-02  7.000000e-01 
  1.6000000e-02  7.000000e-01 
  1.7000000e-02  7.000000e-01 
  1.8000000e-02  7.000000e-01 
  1.9000000e-02  7.000000e-01 
  2.0000000e-02  7.000000e-01 
  2.1000000e-02  7.000000e-01 
  2.2000000e-02  7.000000e-01 
  2.3000000e-02  7.000000e-01 
  2.4000000e-02  7.000000e-01 
  2.5000000e-02  7.000000e-01 
  2.6000000e-02  7.000000e-01 
  2.7000000e-02  7.000000e-01 
  2.8000000e-02  7.000000e-01 
  2.9000000e-02  7.000000e-01 
  3.0000000e-02  7.000000e-01 
  3.1000000e-02  7.000000e-01 
  3.2000000e-02  7.000000e-01 
  3.3000000e-02  7.000000e-01 
  3.4000000e-02  7.000000e-01 
  3.5000000e-02  7.000000e-01 
  3.6000000e-02  7.000000e-01 
  3.7000000e-02  7.000000e-01 
  3.8000000e-02  6.999999e-01 
  3.9000000e-02  6.999999e-01 
  4.0000000e-02  6.999999e-01 
  4.1000000e-02  6.999999e-01 
  4.2000000e-02  6.999999e-01 
  4.3000000e-02  6.999999e-01 
  4.4000000e-02  6.999999e-01 
  4.5000000e-02  6.999999e-01 
  4.6000000e-02  6.999999e-01 
  4.7000000e-02  6.999999e-01 
  4.8000000e-02  6.999999e-01 
  4.9000000e-02  6.999999e-01 
  5.0000000e-02  6.999999e-01 
  5.1000000e-02  6.999999e-01 
  5.2000000e-02  6.999999e-01 
  5.3000000e-02  6.999999e-01 
  5.4000000e-02  6.999999e-01 
  5.5000000e-02  6.999999e-01 
  5.6000000e-02  6.999999e-01 
  5.7000000e-02  6.999999e-01 
  5.8000000e-02  6.999999e-01 
  5.9000000e-02  6.999999e-01 
  6.0000000e-02  6.999999e-01 
  6.1000000e-02  6.999999e-01 
  6.2000000e-02  6.999999e-01 
  6.3000000e-02  6.999999e-01 
  6.4000000e-02  6.999999e-01 
  6.5000000e-02  6.999999e-01 
  6.6000000e-02  6.999999e-01 
  6.7000000e-02  6.999998e-01 
  6.8000000e-02  6.999998e-01 
  6.9000000e-02  6.999998e-01 
  7.0000000e-02  6.999998e-01 
  7.1000000e-02  6.999998e-01 
  7.2000000e-02  6.999998e-01 
  7.3000000e-02  6.999998e-01 
  7.4000000e-02  6.999998e-01 
  7.5000000e-02  6.999998e-01 
  7.6000000e-02  6.999998e-01 
  7.7000000e-02  6.999998e-01 
  7.8000000e-02  6.999998e-01 
  7.9000000e-02  6.999998e-01 
  8.0000000e-02  6.999998e-01 
  8.1000000e-02  6.999997e-01 
  8.2000000e-02  6.999997e-01 
  8.3000000e-02  6.999997e-01 
  8.4000000e-02  6.999997e-01 
  8.5000000e-02  6.999997e-01 
  8.6000000e-02  6.999997e-01 
  8.7000000e-02  6.999997e-01 
  8.8000000e-02  6.999997e-01 
  8.9000000e-02  6.999997e-01 
  9.0000000e-02  6.999996e-01 
  9.1000000e-02  6.999996e-01 
  9.2000000e-02  6.999996e-01 
  9.3000000e-02  6.999996e-01 
  9.4000000e-02  6.999996e-01 
  9.5000000e-02  6.999996e-01 
  9.6000000e-02  6.999995e-01 
  9.7000000e-02  6.999995e-01 
  9.8000000e-02  6.999995e-01 
  9.9000000e-02  6.999995e-01 
  1.0000000e-01  6.999995e-01 
  1.0100000e-01  6.999995e-01 
  1.0200000e-01  6.999994e-01 
  1.0300000e-01  6.999994e-01 
  1.0400000e-01  6.999994e-01 
  1.0500000e-01  6.999994e-01 
  1.0600000e-01  6.999993e-01 
  1.0700000e-01  6.999993e-01 
  1.0800000e-01  6.999993e-01 
  1.0900000e-01  6.999993e-01 
  1.1000000e-01  6.999992e-01 
  1.1100000e-01  6.999992e-01 
  1.1200000e-01  6.999992e-01 
  1.1300000e-01  6.999991e-01 
  1.1400000e-01  6.999991e-01 
  1.1500000e-01  6.999991e-01 
  1.1600000e-01  6.999990e-01 
  1.1700000e-01  6.999990e-01 
  1.1800000e-01  6.999989e-01 
  1.1900000e-01  6.999989e-01 
  1.2000000e-01  6.999989e-01 
  1.2100000e-01  6.999988e-01 
  1.2200000e-01  6.999988e-01 
  1.2300000e-01  6.999987e-01 
  1.2400000e-01  6.999987e-01 
  1.2500000e-01  6.999986e-01 
  1.2600000e-01  6.999986e-01 
  1.2700000e-01  6.999985e-01 
  1.2800000e-01  6.999984e-01 
  1.2900000e-01  6.999984e-01 
  1.3000000e-01  6.999983e-01 
  1.3100000e-01  6.999983e-01 
  1.3200000e-01  6.999982e-01 
  1.3300000e-01  6.999981e-01 
  1.3400000e-01  6.999980e-01 
  1.3500000e-01  6.999980e-01 
  1.3600000e-01  6.999979e-01 
  1.3700000e-01  6.999978e-01 
  1.3800000e-01  6.999977e-01 
  1.3900000e-01  6.999976e-01 
  1.4000000e-01  6.999975e-01 
  1.4100000e-01  6.999974e-01 
  1.4200000e-01  6.999973e-01 
  1.4300000e-01  6.999972e-01 
  1.4400000e-01  6.999971e-01 
  1.4500000e-01  6.999970e-01 
  1.4600000e-01  6.999968e-01 
  1.4700000e-01  6.999967e-01 
  1.4800000e-01  6.999966e-01 
  1.4900000e-01  6.999965e-01 
  1.5000000e-01  6.999963e-01 
  1.5100000e-01  6.999962e-01 
  1.5200000e-01  6.999960e-01 
  1.5300000e-01  6.999958e-01 
  1.5400000e-01  6.999957e-01 
  1.5500000e-01  6.999955e-01 
  1.5600000e-01  6.999953e-01 
  1.5700000e-01  6.999951e-01 
  1.5800000e-01  6.999949e-01 
  1.5900000e-01  6.999947e-01 
  1.6000000e-01  6.999945e-01 
  1.6100000e-01  6.999943e-01 
  1.6200000e-01  6.999940e-01 
  1.6300000e-01  6.999938e-01 
  1.6400000e-01  6.999935e-01 
  1.6500000e-01  6.999933e-01 
  1.6600000e-01  6.999930e-01 
  1.6700000e-01  6.999927e-01 
  1.6800000e-01  6.999924e-01 
  1.6900000e-01  6.999921e-01 
  1.7000000e-01  6.999917e-01 
  1.7100000e-01  6.999914e-01 
  1.7200000e-01  6.999910e-01 
  1.7300000e-01  6.999907e-01 
  1.7400000e-01  6.999903e-01 
  1.7500000e-01  6.999899e-01 
  1.7600000e-01  6.999894e-01 
  1.7700000e-01  6.999890e-01 
  1.7800000e-01  6.999885e-01 
  1.7900000e-01  6.999881e-01 
  1.8000000e-01  6.999876e-01 
  1.8100000e-01  6.999870e-01 
  1.8200000e-01  6.999865e-01 
  1.8300000e-01  6.999859e-01 
  1.8400000e-01  6.999853e-01 
  1.8500000e-01  6.999847e-01 
  1.8600000e-01  6.999841e-01 
  1.8700000e-01  6.999834e-01 
  1.8800000e-01  6.999827e-01 
  1.8900000e-01  6.999819e-01 
  1.9000000e-01  6.999812e-01 
  1.9100000e-01  6.999804e-01 
  1.9200000e-01  6.999795e-01 
  1.9300000e-01  6.999787e-01 
  1.9400000e-01  6.999777e-01 
  1.9500000e-01  6.999768e-01 
  1.9600000e-01  6.999758e-01 
  1.9700000e-01  6.999747e-01 
  1.9800000e-01  6.999737e-01 
  1.9900000e-01  6.999725e-01 
  2.0000000e-01  6.999713e-01 
  2.0100000e-01  6.999701e-01 
  2.0200000e-01  6.999688e-01 
  2.0300000e-01  6.999674e-01 
  2.0400000e-01  6.999660e-01 
  2.0500000e-01  6.999646e-01 
  2.0600000e-01  6.999630e-01 
  2.0700000e-01  6.999614e-01 
  2.0800000e-01  6.999597e-01 
  2.0900000e-01  6.999579e-01 
  2.1000000e-01  6.999561e-01 
  2.1100000e-01  6.999542e-01 
  2.1200000e-01  6.999522e-01 
  2.1300000e-01  6.999500e-01 
  2.1400000e-01  6.999478e-01 
  2.1500000e-01  6.999455e-01 
  2.1600000e-01  6.999431e-01 
  2.1700000e-01  6.999406e-01 
  2.1800000e-01  6.999380e-01 
  2.1900000e-01  6.999352e-01 
  2.2000000e-01  6.999323e-01 
  2.2100000e-01  6.999293e-01 
  2.2200000e-01  6.999262e-01 
  2.2300000e-01  6.999229e-01 
  2.2400000e-01  6.999194e-01 
  2.2500000e-01  6.999158e-01 
  2.2600000e-01  6.999120e-01 
  2.2700000e-01  6.999080e-01 
  2.2800000e-01  6.999039e-01 
  2.2900000e-01  6.998995e-01 
  2.3000000e-01  6.998950e-01 
  2.3100000e-01  6.998902e-01 
  2.3200000e-01  6.998853e-01 
  2.3300000e-01  6.998800e-01 
  2.3400000e-01  6.998746e-01 
  2.3500000e-01  6.998689e-01 
  2.3600000e-01  6.998629e-01 
  2.3700000e-01  6.998566e-01 
  2.3800000e-01  6.998500e-01 
  2.3900000e-01  6.998431e-01 
  2.4000000e-01  6.998359e-01 
  2.4100000e-01  6.998284e-01 
  2.4200000e-01  6.998204e-01 
  2.4300000e-01  6.998121e-01 
  2.4400000e-01  6.998034e-01 
  2.4500000e-01  6.997943e-01 
  2.4600000e-01  6.997847e-01 
  2.4700000e-01  6.997747e-01 
  2.4800000e-01  6.997642e-01 
  2.4900000e-01  6.997532e-01 
  2.5000000e-01  6.997417e-01 
  2.5100000e-01  6.997296e-01 
  2.5200000e-01  6.997169e-01 
  2.5300000e-01  6.997035e-01 
  2.5400000e-01  6.996896e-01 
  2.5500000e-01  6.996749e-01 
  2.5600000e-01  6.996595e-01 
  2.5700000e-01  6.996434e-01 
  2.5800000e-01  6.996265e-01 
  2.5900000e-01  6.996087e-01 
  2.6000000e-01  6.995901e-01 
  2.6100000e-01  6.995706e-01 
  2.6200000e-01  6.995500e-01 
  2.6300000e-01  6.995285e-01 
  2.6400000e-01  6.995059e-01 
  2.6500000e-01  6.994821e-01 
  2.6600000e-01  6.994572e-01 
  2.6700000e-01  6.994311e-01 
  2.6800000e-01  6.994036e-01 
  2.6900000e-01  6.993747e-01 
  2.7000000e-01  6.993444e-01 
  2.7100000e-01  6.993126e-01 
  2.7200000e-01  6.992791e-01 
  2.7300000e-01  6.992440e-01 
  2.7400000e-01  6.992071e-01 
  2.7500000e-01  6.991683e-01 
  2.7600000e-01  6.991276e-01 
  2.7700000e-01  6.990848e-01 
  2.7800000e-01  6.990397e-01 
  2.7900000e-01  6.989924e-01 
  2.8000000e-01  6.989427e-01 
  2.8100000e-01  6.988904e-01 
  2.8200000e-01  6.988354e-01 
  2.8300000e-01  6.987776e-01 
  2.8400000e-01  6.987168e-01 
  2.8500000e-01  6.986529e-01 
  2.8600000e-01  6.985856e-01 
  2.8700000e-01  6.985149e-01 
  2.8800000e-01  6.984404e-01 
  2.8900000e-01  6.983621e-01 
  2.9000000e-01  6.982797e-01 
  2.9100000e-01  6.981929e-01 
  2.9200000e-01  6.981016e-01 
  2.9300000e-01  6.980054e-01 
  2.9400000e-01  6.979042e-01 
  2.9500000e-01  6.977976e-01 
  2.9600000e-01  6.976853e-01 
  2.9700000e-01  6.975671e-01 
  2.9800000e-01  6.974425e-01 
  2.9900000e-01  6.973112e-01 
  3.0000000e-01  6.971729e-01 
  3.0100000e-01  6.970270e-01 
  3.0200000e-01  6.968733e-01 
  3.0300000e-01  6.967112e-01 
  3.0400000e-01  6.965402e-01 
  3.0500000e-01  6.963599e-01 
  3.0600000e-01  6.961695e-01 
  3.0700000e-01  6.959687e-01 
  3.0800000e-01  6.957567e-01 
  3.0900000e-01  6.955328e-01 
  3.1000000e-01  6.952963e-01 
  3.1100000e-01  6.950464e-01 
  3.1200000e-01  6.947823e-01 
  3.1300000e-01  6.945030e-01 
  3.1400000e-01  6.942077e-01 
  3.1500000e-01  6.938951e-01 
  3.1600000e-01  6.935643e-01 
  3.1700000e-01  6.932139e-01 
  3.1800000e-01  6.928427e-01 
  3.1900000e-01  6.924491e-01 
  3.2000000e-01  6.920316e-01 
  3.2100000e-01  6.915884e-01 
  3.2200000e-01  6.911177e-01 
  3.2300000e-01  6.906173e-01 
  3.2400000e-01  6.900850e-01 
  3.2500000e-01  6.895182e-01 
  3.2600000e-01  6.889141e-01 
  3.2700000e-01  6.882695e-01 
  3.2800000e-01  6.875810e-01 
  3.2900000e-01  6.868444e-01 
  3.3000000e-01  6.860554e-01 
  3.3100000e-01  6.852088e-01 
  3.3200000e-01  6.842986e-01 
  3.3300000e-01  6.833183e-01 
  3.3400000e-01  6.822597e-01 
  3.3500000e-01  6.811136e-01 
  3.3600000e-01  6.798691e-01 
  3.3700000e-01  6.785129e-01 
  3.3800000e-01  6.770288e-01 
  3.3900000e-01  6.753971e-01 
  3.4000000e-01  6.735928e-01 
  3.4100000e-01  6.715843e-01 
  3.4200000e-01  6.693299e-01 
  3.4300000e-01  6.667745e-01 
  3.4400000e-01  6.638415e-01 
  3.4500000e-01  6.604216e-01 
  3.4600000e-01  6.563517e-01 
  3.4700000e-01  6.513751e-01 
  3.4800000e-01  6.450601e-01 
  3.4900000e-01  6.366186e-01 
  3.5000000e-01  6.244688e-01 
  3.5100000e-01  6.051851e-01 
  3.5200000e-01  5.721324e-01 
  3.5300000e-01  5.210684e-01 
  3.5400000e-01  4.690983e-01 
  3.5500000e-01  4.372131e-01 
  3.5600000e-01  4.187946e-01 
  3.5700000e-01  4.065367e-01 
  3.5800000e-01  3.974674e-01 
  3.5900000e-01  3.902879e-01 
  3.6000000e-01  3.843427e-01 
  3.6100000e-01  3.792612e-01 
  3.6200000e-01  3.748151e-01 
  3.6300000e-01  3.708550e-01 
  3.6400000e-01  3.672776e-01 
  3.6500000e-01  3.640090e-01 
  3.6600000e-01  3.609945e-01 
  3.6700000e-01  3.581923e-01 
  3.6800000e-01  3.555701e-01 
  3.6900000e-01  3.531023e-01 
  3.7000000e-01  3.507682e-01 
  3.7100000e-01  3.485509e-01 
  3.7200000e-01  3.464364e-01 
  3.7300000e-01  3.444129e-01 
  3.7400000e-01  3.424706e-01 
  3.7500000e-01  3.406011e-01 
  3.7600000e-01  3.387971e-01 
  3.7700000e-01  3.370523e-01 
  3.7800000e-01  3.353614e-01 
  3.7900000e-01  3.337194e-01 
  3.8000000e-01  3.321223e-01 
  3.8100000e-01  3.305662e-01 
  3.8200000e-01  3.290479e-01 
  3.8300000e-01  3.275643e-01 
  3.8400000e-01  3.261129e-01 
  3.8500000e-01  3.246912e-01 
  3.8600000e-01  3.232970e-01 
  3.8700000e-01  3.219285e-01 
  3.8800000e-01  3.205838e-01 
  3.8900000e-01  3.192614e-01 
  3.9000000e-01  3.179597e-01 
  3.9100000e-01  3.166774e-01 
  3.9200000e-01  3.154132e-01 
  3.9300000e-01  3.141661e-01 
  3.9400000e-01  3.129349e-01 
  3.9500000e-01  3.117187e-01 
  3.9600000e-01  3.105166e-01 
  3.9700000e-01  3.093278e-01 
  3.9800000e-01  3.081516e-01 
  3.9900000e-01  3.069871e-01 
  4.0000000e-01  3.058337e-01 
  4.0100000e-01  3.046909e-01 
  4.0200000e-01  3.035580e-01 
  4.0300000e-01  3.024346e-01 
  4.0400000e-01  3.013200e-01 
  4.0500000e-01  3.002139e-01 
  4.0600000e-01  2.991159e-01 
  4.0700000e-01  2.980254e-01 
  4.0800000e-01  2.969421e-01 
  4.0900000e-01  2.958657e-01 
  4.1000000e-01  2.947958e-01 
  4.1100000e-01  2.937321e-01 
  4.1200000e-01  2.926743e-01 
  4.1300000e-01  2.916222e-01 
  4.1400000e-01  2.905754e-01 
  4.1500000e-01  2.895337e-01 
  4.1600000e-01  2.884969e-01 
  4.1700000e-01  2.874647e-01 
  4.1800000e-01  2.864370e-01 
  4.1900000e-01  2.854136e-01 
  4.2000000e-01  2.843942e-01 
  4.2100000e-01  2.833787e-01 
  4.2200000e-01  2.823670e-01 
  4.2300000e-01  2.813588e-01 
  4.2400000e-01  2.803541e-01 
  4.2500000e-01  2.793526e-01 
  4.2600000e-01  2.783543e-01 
  4.2700000e-01  2.773591e-01 
  4.2800000e-01  2.763667e-01 
  4.2900000e-01  2.753772e-01 
  4.3000000e-01  2.743904e-01 
  4.3100000e-01  2.734061e-01 
  4.3200000e-01  2.724244e-01 
  4.3300000e-01  2.714451e-01 
  4.3400000e-01  2.704681e-01 
  4.3500000e-01  2.694934e-01 
  4.3600000e-01  2.685209e-01 
  4.3700000e-01  2.675505e-01 
  4.3800000e-01  2.665821e-01 
  4.3900000e-01  2.656158e-01 
  4.4000000e-01  2.646513e-01 
  4.4100000e-01  2.636887e-01 
  4.4200000e-01  2.627279e-01 
  4.4300000e-01  2.617689e-01 
  4.4400000e-01  2.608116e-01 
  4.4500000e-01  2.598560e-01 
  4.4600000e-01  2.589020e-01 
  4.4700000e-01  2.579497e-01 
  4.4800000e-01  2.569988e-01 
  4.4900000e-01  2.560496e-01 
  4.5000000e-01  2.551018e-01 
  4.5100000e-01  2.541554e-01 
  4.5200000e-01  2.532105e-01 
  4.5300000e-01  2.522671e-01 
  4.5400000e-01  2.513250e-01 
  4.5500000e-01  2.503842e-01 
  4.5600000e-01  2.494449e-01 
  4.5700000e-01  2.485068e-01 
  4.5800000e-01  2.475701e-01 
  4.5900000e-01  2.466347e-01 
  4.6000000e-01  2.457005e-01 
  4.6100000e-01  2.447677e-01 
  4.6200000e-01  2.438361e-01 
  4.6300000e-01  2.429057e-01 
  4.6400000e-01  2.419766e-01 
  4.6500000e-01  2.410487e-01 
  4.6600000e-01  2.401221e-01 
  4.6700000e-01  2.391967e-01 
  4.6800000e-01  2.382725e-01 
  4.6900000e-01  2.373496e-01 
  4.7000000e-01  2.364279e-01 
  4.7100000e-01  2.355074e-01 
  4.7200000e-01  2.345881e-01 
  4.7300000e-01  2.336701e-01 
  4.7400000e-01  2.327533e-01 
  4.7500000e-01  2.318378e-01 
  4.7600000e-01  2.309235e-01 
  4.7700000e-01  2.300104e-01 
  4.7800000e-01  2.290987e-01 
  4.7900000e-01  2.281882e-01 
  4.8000000e-01  2.272789e-01 
  4.8100000e-01  2.263710e-01 
  4.8200000e-01  2.254644e-01 
  4.8300000e-01  2.245591e-01 
  4.8400000e-01  2.236551e-01 
  4.8500000e-01  2.227525e-01 
  4.8600000e-01  2.218512e-01 
  4.8700000e-01  2.209513e-01 
  4.8800000e-01  2.200529e-01 
  4.8900000e-01  2.191558e-01 
  4.9000000e-01  2.182602e-01 
  4.9100000e-01  2.173660e-01 
  4.9200000e-01  2.164733e-01 
  4.9300000e-01  2.155822e-01 
  4.9400000e-01  2.146925e-01 
  4.9500000e-01  2.138044e-01 
  4.9600000e-01  2.129179e-01 
  4.9700000e-01  2.120330e-01 
  4.9800000e-01  2.111497e-01 
  4.9900000e-01  2.102681e-01 
  5.0000000e-01  2.093882e-01 
  5.0100000e-01  2.085100e-01 
  5.0200000e-01  2.076336e-01 
  5.0300000e-01  2.067590e-01 
  5.0400000e-01  2.058862e-01 
  5.0500000e-01  2.050152e-01 
  5.0600000e-01  2.041461e-01 
  5.0700000e-01  2.032790e-01 
  5.0800000e-01  2.024139e-01 
  5.0900000e-01  2.015508e-01 
  5.1000000e-01  2.006897e-01 
  5.1100000e-01  1.998307e-01 
  5.1200000e-01  1.989739e-01 
  5.1300000e-01  1.981192e-01 
  5.1400000e-01  1.972668e-01 
  5.1500000e-01  1.964167e-01 
  5.1600000e-01  1.955688e-01 
  5.1700000e-01  1.947234e-01 
  5.1800000e-01  1.938804e-01 
  5.1900000e-01  1.930398e-01 
  5.2000000e-01  1.922018e-01 
  5.2100000e-01  1.913664e-01 
  5.2200000e-01  1.905336e-01 
  5.2300000e-01  1.897035e-01 
  5.2400000e-01  1.888762e-01 
  5.2500000e-01  1.880517e-01 
  5.2600000e-01  1.872300e-01 
  5.2700000e-01  1.864113e-01 
  5.2800000e-01  1.855955e-01 
  5.2900000e-01  1.847828e-01 
  5.3000000e-01  1.839732e-01 
  5.3100000e-01  1.831668e-01 
  5.3200000e-01  1.823636e-01 
  5.3300000e-01  1.815638e-01 
  5.3400000e-01  1.807673e-01 
  5.3500000e-01  1.799742e-01 
  5.3600000e-01  1.791847e-01 
  5.3700000e-01  1.783987e-01 
  5.3800000e-01  1.776163e-01 
  5.3900000e-01  1.768377e-01 
  5.4000000e-01  1.760628e-01 
  5.4100000e-01  1.752918e-01 
  5.4200000e-01  1.745246e-01 
  5.4300000e-01  1.737615e-01 
  5.4400000e-01  1.730023e-01 
  5.4500000e-01  1.722473e-01 
  5.4600000e-01  1.714965e-01 
  5.4700000e-01  1.707499e-01 
  5.4800000e-01  1.700076e-01 
  5.4900000e-01  1.692696e-01 
  5.5000000e-01  1.685361e-01 
  5.5100000e-01  1.678070e-01 
  5.5200000e-01  1.670825e-01 
  5.5300000e-01  1.663627e-01 
  5.5400000e-01  1.656474e-01 
  5.5500000e-01  1.649369e-01 
  5.5600000e-01  1.642312e-01 
  5.5700000e-01  1.635302e-01 
  5.5800000e-01  1.628342e-01 
  5.5900000e-01  1.621430e-01 
  5.6000000e-01  1.614568e-01 
  5.6100000e-01  1.607756e-01 
  5.6200000e-01  1.600995e-01 
  5.6300000e-01  1.594284e-01 
  5.6400000e-01  1.587624e-01 
  5.6500000e-01  1.581016e-01 
  5.6600000e-01  1.574460e-01 
  5.6700000e-01  1.567955e-01 
  5.6800000e-01  1.561503e-01 
  5.6900000e-01  1.555103e-01 
  5.7000000e-01  1.548756e-01 
  5.7100000e-01  1.542461e-01 
  5.7200000e-01  1.536220e-01 
  5.7300000e-01  1.530031e-01 
  5.7400000e-01  1.523896e-01 
  5.7500000e-01  1.517813e-01 
  5.7600000e-01  1.511784e-01 
  5.7700000e-01  1.505807e-01 
  5.7800000e-01  1.499884e-01 
  5.7900000e-01  1.494014e-01 
  5.8000000e-01  1.488196e-01 
  5.8100000e-01  1.482431e-01 
  5.8200000e-01  1.476719e-01 
  5.8300000e-01  1.471060e-01 
  5.8400000e-01  1.465452e-01 
  5.8500000e-01  1.459897e-01 
  5.8600000e-01  1.454393e-01 
  5.8700000e-01  1.448941e-01 
  5.8800000e-01  1.443541e-01 
  5.8900000e-01  1.438191e-01 
  5.9000000e-01  1.432892e-01 
  5.9100000e-01  1.427643e-01 
  5.9200000e-01  1.422445e-01 
  5.9300000e-01  1.417296e-01 
  5.9400000e-01  1.412196e-01 
  5.9500000e-01  1.407146e-01 
  5.9600000e-01  1.402144e-01 
  5.9700000e-01  1.397190e-01 
  5.9800000e-01  1.392284e-01 
  5.9900000e-01  1.387425e-01 
  6.0000000e-01  1.382614e-01 
  6.0100000e-01  1.377848e-01 
  6.0200000e-01  1.373129e-01 
  6.0300000e-01  1.368456e-01 
  6.0400000e-01  1.363827e-01 
  6.0500000e-01  1.359244e-01 
  6.0600000e-01  1.354704e-01 
  6.0700000e-01  1.350209e-01 
  6.0800000e-01  1.345757e-01 
  6.0900000e-01  1.341347e-01 
  6.1000000e-01  1.336981e-01 
  6.1100000e-01  1.332656e-01 
  6.1200000e-01  1.328372e-01 
  6.1300000e-01  1.324130e-01 
  6.1400000e-01  1.319928e-01 
  6.1500000e-01  1.315766e-01 
  6.1600000e-01  1.311644e-01 
  6.1700000e-01  1.307561e-01 
  6.1800000e-01  1.303517e-01 
  6.1900000e-01  1.299511e-01 
  6.2000000e-01  1.295542e-01 
  6.2100000e-01  1.291611e-01 
  6.2200000e-01  1.287717e-01 
  6.2300000e-01  1.283860e-01 
  6.2400000e-01  1.280038e-01 
  6.2500000e-01  1.276252e-01 
  6.2600000e-01  1.272501e-01 
  6.2700000e-01  1.268785e-01 
  6.2800000e-01  1.265103e-01 
  6.2900000e-01  1.261455e-01 
  6.3000000e-01  1.257841e-01 
  6.3100000e-01  1.254259e-01 
  6.3200000e-01  1.250710e-01 
  6.3300000e-01  1.247193e-01 
  6.3400000e-01  1.243708e-01 
  6.3500000e-01  1.240255e-01 
  6.3600000e-01  1.236832e-01 
  6.3700000e-01  1.233440e-01 
  6.3800000e-01  1.230078e-01 
  6.3900000e-01  1.226746e-01 
  6.4000000e-01  1.223444e-01 
  6.4100000e-01  1.220171e-01 
  6.4200000e-01  1.216926e-01 
  6.4300000e-01  1.213710e-01 
  6.4400000e-01  1.210522e-01 
  6.4500000e-01  1.207362e-01 
  6.4600000e-01  1.204229e-01 
  6.4700000e-01  1.201123e-01 
  6.4800000e-01  1.198044e-01 
  6.4900000e-01  1.194991e-01 
  6.5000000e-01  1.191965e-01 
  6.5100000e-01  1.188964e-01 
  6.5200000e-01  1.185988e-01 
  6.5300000e-01  1.183037e-01 
  6.5400000e-01  1.180112e-01 
  6.5500000e-01  1.177211e-01 
  6.5600000e-01  1.174334e-01 
  6.5700000e-01  1.171480e-01 
  6.5800000e-01  1.168651e-01 
  6.5900000e-01  1.165845e-01 
  6.6000000e-01  1.163062e-01 
  6.6100000e-01  1.160302e-01 
  6.6200000e-01  1.157564e-01 
  6.6300000e-01  1.154848e-01 
  6.6400000e-01  1.152155e-01 
  6.6500000e-01  1.149483e-01 
  6.6600000e-01  1.146833e-01 
  6.6700000e-01  1.144204e-01 
  6.6800000e-01  1.141595e-01 
  6.6900000e-01  1.139008e-01 
  6.7000000e-01  1.136441e-01 
  6.7100000e-01  1.133894e-01 
  6.7200000e-01  1.131368e-01 
  6.7300000e-01  1.128861e-01 
  6.7400000e-01  1.126374e-01 
  6.7500000e-01  1.123906e-01 
  6.7600000e-01  1.121457e-01 
  6.7700000e-01  1.119027e-01 
  6.7800000e-01  1.116616e-01 
  6.7900000e-01  1.114223e-01 
  6.8000000e-01  1.111848e-01 
  6.8100000e-01  1.109492e-01 
  6.8200000e-01  1.107153e-01 
  6.8300000e-01  1.104833e-01 
  6.8400000e-01  1.102529e-01 
  6.8500000e-01  1.100243e-01 
  6.8600000e-01  1.097974e-01 
  6.8700000e-01  1.095722e-01 
  6.8800000e-01  1.093486e-01 
  6.8900000e-01  1.091268e-01 
  6.9000000e-01  1.089065e-01 
  6.9100000e-01  1.086879e-01 
  6.9200000e-01  1.084708e-01 
  6.9300000e-01  1.082554e-01 
  6.9400000e-01  1.080415e-01 
  6.9500000e-01  1.078292e-01 
  6.9600000e-01  1.076184e-01 
  6.9700000e-01  1.074091e-01 
  6.9800000e-01  1.072013e-01 
  6.9900000e-01  1.069950e-01 
  7.0000000e-01  1.067902e-01 
