  0.0000000e+00  6.999999e-01 
  1.0000000e-03  6.999999e-01 
  2.0000000e-03  6.999999e-01 
  3.0000000e-03  6.999999e-01 
  4.0000000e-03  6.999999e-01 
  5.0000000e-03  6.999999e-01 
  6.0000000e-03  6.999999e-01 
  7.0000000e-03  6.999999e-01 
  8.0000000e-03  6.999999e-01 
  9.0000000e-03  6.999999e-01 
  1.0000000e-02  6.999999e-01 
  1.1000000e-02  6.999999e-01 
  1.2000000e-02  6.999999e-01 
  1.3000000e-02  6.999999e-01 
  1.4000000e-02  6.999999e-01 
  1.5000000e-02  6.999999e-01 
  1.6000000e-02  6.999999e-01 
  1.7000000e-02  6.999999e-01 
  1.8000000e-02  6.999999e-01 
  1.9000000e-02  6.999999e-01 
  2.0000000e-02  6.999998e-01 
  2.1000000e-02  6.999998e-01 
  2.2000000e-02  6.999998e-01 
  2.3000000e-02  6.999998e-01 
  2.4000000e-02  6.999998e-01 
  2.5000000e-02  6.999998e-01 
  2.6000000e-02  6.999998e-01 
  2.7000000e-02  6.999998e-01 
  2.8000000e-02  6.999998e-01 
  2.9000000e-02  6.999998e-01 
  3.0000000e-02  6.999998e-01 
  3.1000000e-02  6.999998e-01 
  3.2000000e-02  6.999998e-01 
  3.3000000e-02  6.999998e-01 
  3.4000000e-02  6.999997e-01 
  3.5000000e-02  6.999997e-01 
  3.6000000e-02  6.999997e-01 
  3.7000000e-02  6.999997e-01 
  3.8000000e-02  6.999997e-01 
  3.9000000e-02  6.999997e-01 
  4.0000000e-02  6.999997e-01 
  4.1000000e-02  6.999997e-01 
  4.2000000e-02  6.999997e-01 
  4.3000000e-02  6.999997e-01 
  4.4000000e-02  6.999996e-01 
  4.5000000e-02  6.999996e-01 
  4.6000000e-02  6.999996e-01 
  4.7000000e-02  6.999996e-01 
  4.8000000e-02  6.999996e-01 
  4.9000000e-02  6.999996e-01 
  5.0000000e-02  6.999996e-01 
  5.1000000e-02  6.999995e-01 
  5.2000000e-02  6.999995e-01 
  5.3000000e-02  6.999995e-01 
  5.4000000e-02  6.999995e-01 
  5.5000000e-02  6.999995e-01 
  5.6000000e-02  6.999994e-01 
  5.7000000e-02  6.999994e-01 
  5.8000000e-02  6.999994e-01 
  5.9000000e-02  6.999994e-01 
  6.0000000e-02  6.999994e-01 
  6.1000000e-02  6.999993e-01 
  6.2000000e-02  6.999993e-01 
  6.3000000e-02  6.999993e-01 
  6.4000000e-02  6.999993e-01 
  6.5000000e-02  6.999992e-01 
  6.6000000e-02  6.999992e-01 
  6.7000000e-02  6.999992e-01 
  6.8000000e-02  6.999991e-01 
  6.9000000e-02  6.999991e-01 
  7.0000000e-02  6.999991e-01 
  7.1000000e-02  6.999990e-01 
  7.2000000e-02  6.999990e-01 
  7.3000000e-02  6.999990e-01 
  7.4000000e-02  6.999989e-01 
  7.5000000e-02  6.999989e-01 
  7.6000000e-02  6.999988e-01 
  7.7000000e-02  6.999988e-01 
  7.8000000e-02  6.999988e-01 
  7.9000000e-02  6.999987e-01 
  8.0000000e-02  6.999987e-01 
  8.1000000e-02  6.999986e-01 
  8.2000000e-02  6.999986e-01 
  8.3000000e-02  6.999985e-01 
  8.4000000e-02  6.999985e-01 
  8.5000000e-02  6.999984e-01 
  8.6000000e-02  6.999983e-01 
  8.7000000e-02  6.999983e-01 
  8.8000000e-02  6.999982e-01 
  8.9000000e-02  6.999981e-01 
  9.0000000e-02  6.999981e-01 
  9.1000000e-02  6.999980e-01 
  9.2000000e-02  6.999979e-01 
  9.3000000e-02  6.999978e-01 
  9.4000000e-02  6.999978e-01 
  9.5000000e-02  6.999977e-01 
  9.6000000e-02  6.999976e-01 
  9.7000000e-02  6.999975e-01 
  9.8000000e-02  6.999974e-01 
  9.9000000e-02  6.999973e-01 
  1.0000000e-01  6.999972e-01 
  1.0100000e-01  6.999971e-01 
  1.0200000e-01  6.999970e-01 
  1.0300000e-01  6.999969e-01 
  1.0400000e-01  6.999968e-01 
  1.0500000e-01  6.999966e-01 
  1.0600000e-01  6.999965e-01 
  1.0700000e-01  6.999964e-01 
  1.0800000e-01  6.999962e-01 
  1.0900000e-01  6.999961e-01 
  1.1000000e-01  6.999959e-01 
  1.1100000e-01  6.999958e-01 
  1.1200000e-01  6.999956e-01 
  1.1300000e-01  6.999955e-01 
  1.1400000e-01  6.999953e-01 
  1.1500000e-01  6.999951e-01 
  1.1600000e-01  6.999949e-01 
  1.1700000e-01  6.999947e-01 
  1.1800000e-01  6.999945e-01 
  1.1900000e-01  6.999943e-01 
  1.2000000e-01  6.999941e-01 
  1.2100000e-01  6.999939e-01 
  1.2200000e-01  6.999936e-01 
  1.2300000e-01  6.999934e-01 
  1.2400000e-01  6.999931e-01 
  1.2500000e-01  6.999928e-01 
  1.2600000e-01  6.999926e-01 
  1.2700000e-01  6.999923e-01 
  1.2800000e-01  6.999920e-01 
  1.2900000e-01  6.999917e-01 
  1.3000000e-01  6.999913e-01 
  1.3100000e-01  6.999910e-01 
  1.3200000e-01  6.999907e-01 
  1.3300000e-01  6.999903e-01 
  1.3400000e-01  6.999899e-01 
  1.3500000e-01  6.999895e-01 
  1.3600000e-01  6.999891e-01 
  1.3700000e-01  6.999887e-01 
  1.3800000e-01  6.999883e-01 
  1.3900000e-01  6.999878e-01 
  1.4000000e-01  6.999873e-01 
  1.4100000e-01  6.999868e-01 
  1.4200000e-01  6.999863e-01 
  1.4300000e-01  6.999858e-01 
  1.4400000e-01  6.999852e-01 
  1.4500000e-01  6.999846e-01 
  1.4600000e-01  6.999840e-01 
  1.4700000e-01  6.999834e-01 
  1.4800000e-01  6.999827e-01 
  1.4900000e-01  6.999820e-01 
  1.5000000e-01  6.999813e-01 
  1.5100000e-01  6.999806e-01 
  1.5200000e-01  6.999798e-01 
  1.5300000e-01  6.999790e-01 
  1.5400000e-01  6.999782e-01 
  1.5500000e-01  6.999773e-01 
  1.5600000e-01  6.999764e-01 
  1.5700000e-01  6.999755e-01 
  1.5800000e-01  6.999745e-01 
  1.5900000e-01  6.999735e-01 
  1.6000000e-01  6.999724e-01 
  1.6100000e-01  6.999713e-01 
  1.6200000e-01  6.999701e-01 
  1.6300000e-01  6.999689e-01 
  1.6400000e-01  6.999677e-01 
  1.6500000e-01  6.999664e-01 
  1.6600000e-01  6.999650e-01 
  1.6700000e-01  6.999636e-01 
  1.6800000e-01  6.999621e-01 
  1.6900000e-01  6.999606e-01 
  1.7000000e-01  6.999590e-01 
  1.7100000e-01  6.999574e-01 
  1.7200000e-01  6.999556e-01 
  1.7300000e-01  6.999538e-01 
  1.7400000e-01  6.999519e-01 
  1.7500000e-01  6.999500e-01 
  1.7600000e-01  6.999479e-01 
  1.7700000e-01  6.999458e-01 
  1.7800000e-01  6.999436e-01 
  1.7900000e-01  6.999413e-01 
  1.8000000e-01  6.999389e-01 
  1.8100000e-01  6.999364e-01 
  1.8200000e-01  6.999338e-01 
  1.8300000e-01  6.999310e-01 
  1.8400000e-01  6.999282e-01 
  1.8500000e-01  6.999252e-01 
  1.8600000e-01  6.999221e-01 
  1.8700000e-01  6.999189e-01 
  1.8800000e-01  6.999155e-01 
  1.8900000e-01  6.999120e-01 
  1.9000000e-01  6.999084e-01 
  1.9100000e-01  6.999046e-01 
  1.9200000e-01  6.999006e-01 
  1.9300000e-01  6.998964e-01 
  1.9400000e-01  6.998921e-01 
  1.9500000e-01  6.998876e-01 
  1.9600000e-01  6.998829e-01 
  1.9700000e-01  6.998780e-01 
  1.9800000e-01  6.998729e-01 
  1.9900000e-01  6.998675e-01 
  2.0000000e-01  6.998619e-01 
  2.0100000e-01  6.998561e-01 
  2.0200000e-01  6.998500e-01 
  2.0300000e-01  6.998437e-01 
  2.0400000e-01  6.998370e-01 
  2.0500000e-01  6.998301e-01 
  2.0600000e-01  6.998229e-01 
  2.0700000e-01  6.998154e-01 
  2.0800000e-01  6.998075e-01 
  2.0900000e-01  6.997993e-01 
  2.1000000e-01  6.997907e-01 
  2.1100000e-01  6.997817e-01 
  2.1200000e-01  6.997724e-01 
  2.1300000e-01  6.997626e-01 
  2.1400000e-01  6.997524e-01 
  2.1500000e-01  6.997417e-01 
  2.1600000e-01  6.997306e-01 
  2.1700000e-01  6.997189e-01 
  2.1800000e-01  6.997068e-01 
  2.1900000e-01  6.996941e-01 
  2.2000000e-01  6.996808e-01 
  2.2100000e-01  6.996669e-01 
  2.2200000e-01  6.996524e-01 
  2.2300000e-01  6.996372e-01 
  2.2400000e-01  6.996214e-01 
  2.2500000e-01  6.996048e-01 
  2.2600000e-01  6.995875e-01 
  2.2700000e-01  6.995694e-01 
  2.2800000e-01  6.995505e-01 
  2.2900000e-01  6.995307e-01 
  2.3000000e-01  6.995100e-01 
  2.3100000e-01  6.994883e-01 
  2.3200000e-01  6.994657e-01 
  2.3300000e-01  6.994420e-01 
  2.3400000e-01  6.994172e-01 
  2.3500000e-01  6.993913e-01 
  2.3600000e-01  6.993642e-01 
  2.3700000e-01  6.993358e-01 
  2.3800000e-01  6.993061e-01 
  2.3900000e-01  6.992751e-01 
  2.4000000e-01  6.992426e-01 
  2.4100000e-01  6.992085e-01 
  2.4200000e-01  6.991729e-01 
  2.4300000e-01  6.991357e-01 
  2.4400000e-01  6.990966e-01 
  2.4500000e-01  6.990558e-01 
  2.4600000e-01  6.990130e-01 
  2.4700000e-01  6.989682e-01 
  2.4800000e-01  6.989213e-01 
  2.4900000e-01  6.988722e-01 
  2.5000000e-01  6.988207e-01 
  2.5100000e-01  6.987669e-01 
  2.5200000e-01  6.987104e-01 
  2.5300000e-01  6.986512e-01 
  2.5400000e-01  6.985893e-01 
  2.5500000e-01  6.985243e-01 
  2.5600000e-01  6.984563e-01 
  2.5700000e-01  6.983849e-01 
  2.5800000e-01  6.983102e-01 
  2.5900000e-01  6.982318e-01 
  2.6000000e-01  6.981496e-01 
  2.6100000e-01  6.980634e-01 
  2.6200000e-01  6.979731e-01 
  2.6300000e-01  6.978783e-01 
  2.6400000e-01  6.977789e-01 
  2.6500000e-01  6.976747e-01 
  2.6600000e-01  6.975653e-01 
  2.6700000e-01  6.974505e-01 
  2.6800000e-01  6.973300e-01 
  2.6900000e-01  6.972036e-01 
  2.7000000e-01  6.970709e-01 
  2.7100000e-01  6.969316e-01 
  2.7200000e-01  6.967853e-01 
  2.7300000e-01  6.966317e-01 
  2.7400000e-01  6.964704e-01 
  2.7500000e-01  6.963008e-01 
  2.7600000e-01  6.961227e-01 
  2.7700000e-01  6.959355e-01 
  2.7800000e-01  6.957388e-01 
  2.7900000e-01  6.955319e-01 
  2.8000000e-01  6.953144e-01 
  2.8100000e-01  6.950856e-01 
  2.8200000e-01  6.948448e-01 
  2.8300000e-01  6.945915e-01 
  2.8400000e-01  6.943249e-01 
  2.8500000e-01  6.940441e-01 
  2.8600000e-01  6.937483e-01 
  2.8700000e-01  6.934367e-01 
  2.8800000e-01  6.931083e-01 
  2.8900000e-01  6.927621e-01 
  2.9000000e-01  6.923968e-01 
  2.9100000e-01  6.920115e-01 
  2.9200000e-01  6.916046e-01 
  2.9300000e-01  6.911748e-01 
  2.9400000e-01  6.907207e-01 
  2.9500000e-01  6.902405e-01 
  2.9600000e-01  6.897325e-01 
  2.9700000e-01  6.891946e-01 
  2.9800000e-01  6.886247e-01 
  2.9900000e-01  6.880204e-01 
  3.0000000e-01  6.873791e-01 
  3.0100000e-01  6.866979e-01 
  3.0200000e-01  6.859735e-01 
  3.0300000e-01  6.852024e-01 
  3.0400000e-01  6.843804e-01 
  3.0500000e-01  6.835030e-01 
  3.0600000e-01  6.825650e-01 
  3.0700000e-01  6.815605e-01 
  3.0800000e-01  6.804826e-01 
  3.0900000e-01  6.793233e-01 
  3.1000000e-01  6.780735e-01 
  3.1100000e-01  6.767221e-01 
  3.1200000e-01  6.752562e-01 
  3.1300000e-01  6.736599e-01 
  3.1400000e-01  6.719139e-01 
  3.1500000e-01  6.699942e-01 
  3.1600000e-01  6.678706e-01 
  3.1700000e-01  6.655038e-01 
  3.1800000e-01  6.628426e-01 
  3.1900000e-01  6.598174e-01 
  3.2000000e-01  6.563309e-01 
  3.2100000e-01  6.522425e-01 
  3.2200000e-01  6.473394e-01 
  3.2300000e-01  6.412818e-01 
  3.2400000e-01  6.334914e-01 
  3.2500000e-01  6.229083e-01 
  3.2600000e-01  6.074595e-01 
  3.2700000e-01  5.831868e-01 
  3.2800000e-01  5.455102e-01 
  3.2900000e-01  5.012482e-01 
  3.3000000e-01  4.690669e-01 
  3.3100000e-01  4.493882e-01 
  3.3200000e-01  4.362287e-01 
  3.3300000e-01  4.265302e-01 
  3.3400000e-01  4.188866e-01 
  3.3500000e-01  4.125808e-01 
  3.3600000e-01  4.072072e-01 
  3.3700000e-01  4.025169e-01 
  3.3800000e-01  3.983473e-01 
  3.3900000e-01  3.945868e-01 
  3.4000000e-01  3.911554e-01 
  3.4100000e-01  3.879944e-01 
  3.4200000e-01  3.850589e-01 
  3.4300000e-01  3.823145e-01 
  3.4400000e-01  3.797335e-01 
  3.4500000e-01  3.772942e-01 
  3.4600000e-01  3.749785e-01 
  3.4700000e-01  3.727715e-01 
  3.4800000e-01  3.706608e-01 
  3.4900000e-01  3.686359e-01 
  3.5000000e-01  3.666880e-01 
  3.5100000e-01  3.648094e-01 
  3.5200000e-01  3.629934e-01 
  3.5300000e-01  3.612344e-01 
  3.5400000e-01  3.595273e-01 
  3.5500000e-01  3.578676e-01 
  3.5600000e-01  3.562514e-01 
  3.5700000e-01  3.546752e-01 
  3.5800000e-01  3.531359e-01 
  3.5900000e-01  3.516308e-01 
  3.6000000e-01  3.501572e-01 
  3.6100000e-01  3.487130e-01 
  3.6200000e-01  3.472961e-01 
  3.6300000e-01  3.459045e-01 
  3.6400000e-01  3.445367e-01 
  3.6500000e-01  3.431910e-01 
  3.6600000e-01  3.418661e-01 
  3.6700000e-01  3.405606e-01 
  3.6800000e-01  3.392733e-01 
  3.6900000e-01  3.380032e-01 
  3.7000000e-01  3.367491e-01 
  3.7100000e-01  3.355103e-01 
  3.7200000e-01  3.342857e-01 
  3.7300000e-01  3.330746e-01 
  3.7400000e-01  3.318763e-01 
  3.7500000e-01  3.306899e-01 
  3.7600000e-01  3.295150e-01 
  3.7700000e-01  3.283509e-01 
  3.7800000e-01  3.271969e-01 
  3.7900000e-01  3.260527e-01 
  3.8000000e-01  3.249176e-01 
  3.8100000e-01  3.237912e-01 
  3.8200000e-01  3.226732e-01 
  3.8300000e-01  3.215630e-01 
  3.8400000e-01  3.204603e-01 
  3.8500000e-01  3.193647e-01 
  3.8600000e-01  3.182759e-01 
  3.8700000e-01  3.171936e-01 
  3.8800000e-01  3.161175e-01 
  3.8900000e-01  3.150472e-01 
  3.9000000e-01  3.139826e-01 
  3.9100000e-01  3.129234e-01 
  3.9200000e-01  3.118693e-01 
  3.9300000e-01  3.108201e-01 
  3.9400000e-01  3.097756e-01 
  3.9500000e-01  3.087356e-01 
  3.9600000e-01  3.076999e-01 
  3.9700000e-01  3.066683e-01 
  3.9800000e-01  3.056407e-01 
  3.9900000e-01  3.046169e-01 
  4.0000000e-01  3.035968e-01 
  4.0100000e-01  3.025801e-01 
  4.0200000e-01  3.015668e-01 
  4.0300000e-01  3.005568e-01 
  4.0400000e-01  2.995499e-01 
  4.0500000e-01  2.985459e-01 
  4.0600000e-01  2.975449e-01 
  4.0700000e-01  2.965466e-01 
  4.0800000e-01  2.955511e-01 
  4.0900000e-01  2.945581e-01 
  4.1000000e-01  2.935676e-01 
  4.1100000e-01  2.925796e-01 
  4.1200000e-01  2.915939e-01 
  4.1300000e-01  2.906105e-01 
  4.1400000e-01  2.896292e-01 
  4.1500000e-01  2.886501e-01 
  4.1600000e-01  2.876731e-01 
  4.1700000e-01  2.866980e-01 
  4.1800000e-01  2.857249e-01 
  4.1900000e-01  2.847537e-01 
  4.2000000e-01  2.837843e-01 
  4.2100000e-01  2.828167e-01 
  4.2200000e-01  2.818509e-01 
  4.2300000e-01  2.808868e-01 
  4.2400000e-01  2.799243e-01 
  4.2500000e-01  2.789634e-01 
  4.2600000e-01  2.780042e-01 
  4.2700000e-01  2.770464e-01 
  4.2800000e-01  2.760902e-01 
  4.2900000e-01  2.751355e-01 
  4.3000000e-01  2.741823e-01 
  4.3100000e-01  2.732305e-01 
  4.3200000e-01  2.722801e-01 
  4.3300000e-01  2.713310e-01 
  4.3400000e-01  2.703834e-01 
  4.3500000e-01  2.694371e-01 
  4.3600000e-01  2.684921e-01 
  4.3700000e-01  2.675484e-01 
  4.3800000e-01  2.666061e-01 
  4.3900000e-01  2.656650e-01 
  4.4000000e-01  2.647252e-01 
  4.4100000e-01  2.637866e-01 
  4.4200000e-01  2.628493e-01 
  4.4300000e-01  2.619133e-01 
  4.4400000e-01  2.609784e-01 
  4.4500000e-01  2.600448e-01 
  4.4600000e-01  2.591125e-01 
  4.4700000e-01  2.581813e-01 
  4.4800000e-01  2.572514e-01 
  4.4900000e-01  2.563226e-01 
  4.5000000e-01  2.553951e-01 
  4.5100000e-01  2.544688e-01 
  4.5200000e-01  2.535437e-01 
  4.5300000e-01  2.526198e-01 
  4.5400000e-01  2.516971e-01 
  4.5500000e-01  2.507757e-01 
  4.5600000e-01  2.498555e-01 
  4.5700000e-01  2.489365e-01 
  4.5800000e-01  2.480187e-01 
  4.5900000e-01  2.471022e-01 
  4.6000000e-01  2.461869e-01 
  4.6100000e-01  2.452729e-01 
  4.6200000e-01  2.443602e-01 
  4.6300000e-01  2.434488e-01 
  4.6400000e-01  2.425386e-01 
  4.6500000e-01  2.416298e-01 
  4.6600000e-01  2.407222e-01 
  4.6700000e-01  2.398160e-01 
  4.6800000e-01  2.389112e-01 
  4.6900000e-01  2.380077e-01 
  4.7000000e-01  2.371056e-01 
  4.7100000e-01  2.362049e-01 
  4.7200000e-01  2.353056e-01 
  4.7300000e-01  2.344078e-01 
  4.7400000e-01  2.335114e-01 
  4.7500000e-01  2.326165e-01 
  4.7600000e-01  2.317230e-01 
  4.7700000e-01  2.308311e-01 
  4.7800000e-01  2.299407e-01 
  4.7900000e-01  2.290519e-01 
  4.8000000e-01  2.281647e-01 
  4.8100000e-01  2.272791e-01 
  4.8200000e-01  2.263951e-01 
  4.8300000e-01  2.255128e-01 
  4.8400000e-01  2.246322e-01 
  4.8500000e-01  2.237534e-01 
  4.8600000e-01  2.228762e-01 
  4.8700000e-01  2.220009e-01 
  4.8800000e-01  2.211274e-01 
  4.8900000e-01  2.202557e-01 
  4.9000000e-01  2.193859e-01 
  4.9100000e-01  2.185180e-01 
  4.9200000e-01  2.176520e-01 
  4.9300000e-01  2.167881e-01 
  4.9400000e-01  2.159261e-01 
  4.9500000e-01  2.150662e-01 
  4.9600000e-01  2.142084e-01 
  4.9700000e-01  2.133528e-01 
  4.9800000e-01  2.124993e-01 
  4.9900000e-01  2.116480e-01 
  5.0000000e-01  2.107989e-01 
  5.0100000e-01  2.099522e-01 
  5.0200000e-01  2.091078e-01 
  5.0300000e-01  2.082657e-01 
  5.0400000e-01  2.074261e-01 
  5.0500000e-01  2.065889e-01 
  5.0600000e-01  2.057543e-01 
  5.0700000e-01  2.049222e-01 
  5.0800000e-01  2.040927e-01 
  5.0900000e-01  2.032659e-01 
  5.1000000e-01  2.024417e-01 
  5.1100000e-01  2.016203e-01 
  5.1200000e-01  2.008017e-01 
  5.1300000e-01  1.999859e-01 
  5.1400000e-01  1.991731e-01 
  5.1500000e-01  1.983631e-01 
  5.1600000e-01  1.975562e-01 
  5.1700000e-01  1.967523e-01 
  5.1800000e-01  1.959515e-01 
  5.1900000e-01  1.951539e-01 
  5.2000000e-01  1.943595e-01 
  5.2100000e-01  1.935683e-01 
  5.2200000e-01  1.927804e-01 
  5.2300000e-01  1.919959e-01 
  5.2400000e-01  1.912148e-01 
  5.2500000e-01  1.904372e-01 
  5.2600000e-01  1.896631e-01 
  5.2700000e-01  1.888926e-01 
  5.2800000e-01  1.881257e-01 
  5.2900000e-01  1.873625e-01 
  5.3000000e-01  1.866030e-01 
  5.3100000e-01  1.858473e-01 
  5.3200000e-01  1.850954e-01 
  5.3300000e-01  1.843474e-01 
  5.3400000e-01  1.836033e-01 
  5.3500000e-01  1.828633e-01 
  5.3600000e-01  1.821272e-01 
  5.3700000e-01  1.813953e-01 
  5.3800000e-01  1.806675e-01 
  5.3900000e-01  1.799438e-01 
  5.4000000e-01  1.792244e-01 
  5.4100000e-01  1.785093e-01 
  5.4200000e-01  1.777984e-01 
  5.4300000e-01  1.770920e-01 
  5.4400000e-01  1.763899e-01 
  5.4500000e-01  1.756922e-01 
  5.4600000e-01  1.749991e-01 
  5.4700000e-01  1.743104e-01 
  5.4800000e-01  1.736263e-01 
  5.4900000e-01  1.729468e-01 
  5.5000000e-01  1.722718e-01 
  5.5100000e-01  1.716016e-01 
  5.5200000e-01  1.709360e-01 
  5.5300000e-01  1.702751e-01 
  5.5400000e-01  1.696189e-01 
  5.5500000e-01  1.689675e-01 
  5.5600000e-01  1.683208e-01 
  5.5700000e-01  1.676790e-01 
  5.5800000e-01  1.670419e-01 
  5.5900000e-01  1.664097e-01 
  5.6000000e-01  1.657823e-01 
  5.6100000e-01  1.651598e-01 
  5.6200000e-01  1.645421e-01 
  5.6300000e-01  1.639293e-01 
  5.6400000e-01  1.633214e-01 
  5.6500000e-01  1.627184e-01 
  5.6600000e-01  1.621203e-01 
  5.6700000e-01  1.615270e-01 
  5.6800000e-01  1.609386e-01 
  5.6900000e-01  1.603551e-01 
  5.7000000e-01  1.597765e-01 
  5.7100000e-01  1.592028e-01 
  5.7200000e-01  1.586339e-01 
  5.7300000e-01  1.580699e-01 
  5.7400000e-01  1.575107e-01 
  5.7500000e-01  1.569564e-01 
  5.7600000e-01  1.564068e-01 
  5.7700000e-01  1.558621e-01 
  5.7800000e-01  1.553221e-01 
  5.7900000e-01  1.547869e-01 
  5.8000000e-01  1.542565e-01 
  5.8100000e-01  1.537307e-01 
  5.8200000e-01  1.532097e-01 
  5.8300000e-01  1.526933e-01 
  5.8400000e-01  1.521815e-01 
  5.8500000e-01  1.516744e-01 
  5.8600000e-01  1.511719e-01 
  5.8700000e-01  1.506739e-01 
  5.8800000e-01  1.501805e-01 
  5.8900000e-01  1.496915e-01 
  5.9000000e-01  1.492070e-01 
  5.9100000e-01  1.487270e-01 
  5.9200000e-01  1.482513e-01 
  5.9300000e-01  1.477800e-01 
  5.9400000e-01  1.473131e-01 
  5.9500000e-01  1.468504e-01 
  5.9600000e-01  1.463920e-01 
  5.9700000e-01  1.459378e-01 
  5.9800000e-01  1.454879e-01 
  5.9900000e-01  1.450420e-01 
  6.0000000e-01  1.446003e-01 
  6.0100000e-01  1.441627e-01 
  6.0200000e-01  1.437290e-01 
  6.0300000e-01  1.432994e-01 
  6.0400000e-01  1.428738e-01 
  6.0500000e-01  1.424521e-01 
  6.0600000e-01  1.420342e-01 
  6.0700000e-01  1.416202e-01 
  6.0800000e-01  1.412100e-01 
  6.0900000e-01  1.408036e-01 
  6.1000000e-01  1.404009e-01 
  6.1100000e-01  1.400019e-01 
  6.1200000e-01  1.396066e-01 
  6.1300000e-01  1.392148e-01 
  6.1400000e-01  1.388266e-01 
  6.1500000e-01  1.384420e-01 
  6.1600000e-01  1.380609e-01 
  6.1700000e-01  1.376832e-01 
  6.1800000e-01  1.373089e-01 
  6.1900000e-01  1.369380e-01 
  6.2000000e-01  1.365705e-01 
  6.2100000e-01  1.362063e-01 
  6.2200000e-01  1.358453e-01 
  6.2300000e-01  1.354876e-01 
  6.2400000e-01  1.351331e-01 
  6.2500000e-01  1.347817e-01 
  6.2600000e-01  1.344335e-01 
  6.2700000e-01  1.340883e-01 
  6.2800000e-01  1.337462e-01 
  6.2900000e-01  1.334072e-01 
  6.3000000e-01  1.330711e-01 
  6.3100000e-01  1.327379e-01 
  6.3200000e-01  1.324077e-01 
  6.3300000e-01  1.320804e-01 
  6.3400000e-01  1.317559e-01 
  6.3500000e-01  1.314342e-01 
  6.3600000e-01  1.311153e-01 
  6.3700000e-01  1.307992e-01 
  6.3800000e-01  1.304858e-01 
  6.3900000e-01  1.301750e-01 
  6.4000000e-01  1.298670e-01 
  6.4100000e-01  1.295615e-01 
  6.4200000e-01  1.292587e-01 
  6.4300000e-01  1.289584e-01 
  6.4400000e-01  1.286607e-01 
  6.4500000e-01  1.283654e-01 
  6.4600000e-01  1.280727e-01 
  6.4700000e-01  1.277823e-01 
  6.4800000e-01  1.274944e-01 
  6.4900000e-01  1.272089e-01 
  6.5000000e-01  1.269258e-01 
  6.5100000e-01  1.266450e-01 
  6.5200000e-01  1.263665e-01 
  6.5300000e-01  1.260903e-01 
  6.5400000e-01  1.258164e-01 
  6.5500000e-01  1.255447e-01 
  6.5600000e-01  1.252752e-01 
  6.5700000e-01  1.250079e-01 
  6.5800000e-01  1.247427e-01 
  6.5900000e-01  1.244797e-01 
  6.6000000e-01  1.242188e-01 
  6.6100000e-01  1.239600e-01 
  6.6200000e-01  1.237032e-01 
  6.6300000e-01  1.234485e-01 
  6.6400000e-01  1.231957e-01 
  6.6500000e-01  1.229450e-01 
  6.6600000e-01  1.226963e-01 
  6.6700000e-01  1.224495e-01 
  6.6800000e-01  1.222046e-01 
  6.6900000e-01  1.219616e-01 
  6.7000000e-01  1.217205e-01 
  6.7100000e-01  1.214813e-01 
  6.7200000e-01  1.212439e-01 
  6.7300000e-01  1.210084e-01 
  6.7400000e-01  1.207746e-01 
  6.7500000e-01  1.205427e-01 
  6.7600000e-01  1.203125e-01 
  6.7700000e-01  1.200840e-01 
  6.7800000e-01  1.198573e-01 
  6.7900000e-01  1.196322e-01 
  6.8000000e-01  1.194089e-01 
  6.8100000e-01  1.191872e-01 
  6.8200000e-01  1.189672e-01 
  6.8300000e-01  1.187488e-01 
  6.8400000e-01  1.185321e-01 
  6.8500000e-01  1.183169e-01 
  6.8600000e-01  1.181033e-01 
  6.8700000e-01  1.178913e-01 
  6.8800000e-01  1.176809e-01 
  6.8900000e-01  1.174719e-01 
  6.9000000e-01  1.172645e-01 
  6.9100000e-01  1.170586e-01 
  6.9200000e-01  1.168542e-01 
  6.9300000e-01  1.166513e-01 
  6.9400000e-01  1.164498e-01 
  6.9500000e-01  1.162497e-01 
  6.9600000e-01  1.160511e-01 
  6.9700000e-01  1.158539e-01 
  6.9800000e-01  1.156581e-01 
  6.9900000e-01  1.154636e-01 
  7.0000000e-01  1.152706e-01
